1101   -391.523   1873.433   -7052.229
1201   632.544   1866.372   -7038.642
1301   1668.482   1867.168   -7031.658
1401   2689.159   1872.841   -7020.204
1501   3714.664   1870.334   -7007.356
1601   4742.781   1872.209   -6994.388
1102   -390.416   1002.549   -7054.350
1202   637.303   1006.460   -7042.226
1302   1663.519   997.827   -7030.010
1402   2687.302   1002.892   -7021.787
1502   3718.402   996.499   -7004.672
1602   4743.322   1000.534   -6995.091
1103   -399.862   23.671   -7056.065
1203   636.454   21.530   -7048.269
1303   1656.612   22.667   -7030.721
1403   2687.252   14.806   -7022.430
1503   3713.539   16.913   -7008.041
1603   4742.120   14.491   -6999.110
1104   -393.290   -956.227   -7049.537
1204   636.317   -958.453   -7040.615
1304   1658.879   -957.574   -7029.929
1404   2683.048   -961.657   -7019.835
1504   3712.945   -964.898   -7010.437
2101   -401.371   1859.647   -5935.863
2102   -404.539   1497.844   -5939.170
2103   -402.865   1196.179   -5939.617
2104   -402.886   779.350   -5939.883
2105   -401.815   509.204   -5939.954
2106   -401.708   139.853   -5940.594
2107   -404.569   -213.076   -5940.975
2108   -401.826   -549.289   -5941.234
2109   -402.044   -840.982   -5941.116
2201   597.747   1785.157   -5930.748
2202   600.377   1446.575   -5934.146
2203   599.126   922.699   -5934.224
2204   599.367   624.351   -5933.873
2205   598.425   284.940   -5934.158
2206   599.171   -299.231   -5933.777
2207   597.520   -577.132   -5933.344
2208   596.927   -757.571   -5933.975
2209   598.152   -1046.647   -5934.445
2301   1634.239   1863.457   -5915.676
2302   1638.115   1560.450   -5918.817
2303   1635.317   1256.355   -5918.787
2304   1635.943   886.551   -5918.447
2305   1633.876   512.573   -5918.790
2306   1635.544   181.575   -5919.183
2307   1634.679   -193.559   -5919.295
2308   1632.749   -535.262   -5920.461
2309   1635.075   -838.752   -5920.682
2310   1634.819   -1078.470   -5921.290
2801   2152.329   1883.079   -5921.255
2802   2150.479   1661.077   -5921.600
2803   2149.106   1455.057   -5917.756
2804   2152.518   1204.580   -5921.317
2805   2149.433   958.524   -5921.342
2806   2153.411   659.026   -5921.467
2807   2150.636   436.479   -5920.931
2808   2152.581   151.029   -5921.732
2809   2153.500   -101.970   -5921.650
2810   2153.798   -519.150   -5922.318
2811   2153.317   -814.285   -5922.362
2812   2153.744   -1085.803   -5922.965
2401   2659.021   1785.940   -5907.892
2402   2661.474   1365.541   -5910.962
2403   2662.594   1040.808   -5911.129
2404   2663.225   624.897   -5912.669
2405   2663.073   285.508   -5914.527
2406   2662.362   22.768   -5915.232
2407   2662.580   -276.008   -5914.706
2408   2659.785   -576.759   -5913.988
2409   2660.226   -915.299   -5912.899
2501   3687.145   1861.667   -5893.574
2502   3690.045   1588.098   -5897.396
2503   3694.007   1256.895   -5898.231
2504   3693.921   868.056   -5898.711
2505   3693.665   509.187   -5897.487
2506   3692.702   270.710   -5896.955
2507   3691.967   -114.519   -5897.878
2508   3687.373   -524.582   -5898.688
2509   3688.460   -841.122   -5898.067
2510   3686.869   -1051.239   -5897.825
2601   4717.313   1864.731   -5892.505
2602   4718.981   1551.681   -5896.043
2603   4718.213   1157.094   -5896.483
2604   4718.402   838.864   -5896.819
2605   4717.400   513.637   -5895.520
2606   4717.736   167.152   -5896.314
2607   4718.795   -137.838   -5896.185
2608   4717.405   -515.374   -5895.866
2609   4718.157   -836.973   -5892.781
3301   1609.189   1795.519   -5421.458
3302   1611.504   1457.831   -5418.154
3303   1610.339   1133.326   -5422.914
3304   1612.824   852.852   -5422.910
3305   1612.429   536.707   -5422.350
3306   1612.219   207.715   -5421.567
3307   1613.034   69.026   -5421.103
3308   1613.581   -119.282   -5420.540
3309   1612.443   -359.464   -5420.665
3310   1612.439   -507.062   -5421.018
3311   1609.963   -682.154   -5421.600
3312   1611.756   -916.496   -5422.656
3801   2133.045   1891.992   -5422.742
3802   2137.679   1668.427   -5423.389
3803   2134.182   1455.999   -5421.142
3804   2138.820   1130.623   -5424.850
3805   2141.163   840.439   -5424.351
3806   2135.587   523.979   -5425.993
3807   2138.099   206.504   -5423.892
3808   2137.392   63.583   -5422.599
3809   2135.999   -164.845   -5421.724
3810   2135.206   -334.565   -5422.024
3811   2135.583   -571.175   -5421.508
3812   2133.541   -813.960   -5421.357
3813   2132.475   -1108.769   -5420.700
3401   2657.473   1922.457   -5413.844
3402   2659.902   1662.507   -5414.040
3403   2661.630   1371.408   -5412.544
3404   2664.553   912.887   -5417.932
3405   2664.143   470.983   -5418.993
3406   2663.059   169.893   -5418.441
3407   2662.214   -130.192   -5415.695
3408   2659.622   -430.259   -5415.905
3409   2660.502   -730.892   -5414.160
4102   -411.242   1659.328   -4935.656
4102   -411.242   1659.328   -4935.656
4103   -407.725   1369.021   -4939.114
4104   -409.737   1041.800   -4938.223
4105   -412.406   642.599   -4939.324
4106   -410.427   358.985   -4940.468
4107   -412.347   22.913   -4942.203
4108   -412.138   -255.709   -4942.155
4109   -413.301   -575.085   -4943.368
4110   -410.990   -940.512   -4944.919
4201   599.300   1894.335   -4929.802
4202   597.312   1649.992   -4926.866
4203   600.729   1380.019   -4931.082
4204   600.654   931.296   -4930.483
4205   599.892   475.274   -4929.807
4206   600.084   192.271   -4929.028
4207   598.557   14.627   -4929.239
4208   598.752   -188.955   -4928.841
4209   599.410   -391.450   -4928.912
4210   599.513   -629.990   -4929.041
4211   598.599   -951.911   -4929.120
4212   598.267   -1116.354   -4929.042
4301   1617.712   1883.870   -4917.308
4302   1615.572   1687.514   -4913.750
4303   1614.640   1315.066   -4916.724
4304   1615.784   1001.358   -4916.691
4305   1617.197   690.040   -4917.070
4306   1615.933   387.492   -4917.234
4307   1618.946   145.491   -4917.807
4308   1616.753   -186.640   -4918.531
4309   1617.714   -482.264   -4918.561
4310   1617.859   -680.767   -4918.799
4311   1619.781   -912.909   -4919.492
4801   2140.423   1871.303   -4856.349   
4802   2141.419   1657.412   -4855.488
4803   2141.612   1476.477   -4851.173
4804   2140.417   1111.981   -4853.160
4805   2141.940   794.087   -4851.827
4806   2141.449   469.038   -4852.644
4807   2140.333   223.966   -4852.943
4808   2139.921   -31.788   -4853.563
4809   2140.566   -307.845   -4853.867
4810   2140.052   -516.036   -4855.080
4811   2138.758   -740.874   -4856.258
4812   2142.588   -1025.494   -4857.248
4401   2659.946   1869.839   -4908.109
4402   2657.495   1661.053   -4905.091
4403   2662.286   1297.992   -4907.893
4404   2662.836   925.728   -4907.210
4405   2662.221   579.885   -4906.252
4406   2660.580   310.544   -4905.418
4407   2660.273   -43.518   -4905.879 
4408   2659.320   -388.983   -4906.573
4409   2660.428   -658.642   -4907.015
4410   2659.772   -1039.378   -4906.680
4501   3683.964   1894.610   -4900.857
4502   3685.141   1679.251   -4897.467
4503   3685.834   1375.881   -4900.949
4504   3686.710   1040.217   -4900.842
4505   3688.018   671.561   -4900.479
4506   3687.610   378.127   -4900.096
4507   3691.124   100.669   -4900.184
4508   3689.899   -276.443   -4898.954
4509   3686.574   -637.607   -4899.495
4510   3684.133   -1054.946   -4901.794
4601   4711.826   1827.080   -4889.110
4602   4711.083   1662.702   -4885.589
4603   4711.481   1391.837   -4887.979
4604   4712.393   1071.307   -4888.076
4605   4710.037   655.949   -4889.876
4606   4712.891   361.981   -4889.792
4607   4712.321   15.098   -4891.835
4608   4711.054   -334.411   -4892.251
4609   4713.001   -634.740   -4891.516
4610   4712.852   -939.190   -4890.411
